-4.36 3.99
-4.36 3.99
-4.36 3.99
-4.36 3.99
-4.36 3.99
-4.37 3.99
-4.36 3.99
-4.36 3.99
-4.37 3.99
-4.37 3.99
-4.36 3.99
-4.35 4.06
-4.37 3.99
-4.37 3.99
-4.33 4.06
-4.34 4.06
-4.37 3.99
-4.35 4.07
-4.37 3.99
-4.34 4.06
-4.37 3.39
-3.84 2.85
-4.36 3.39
-3.78 2.81
-3.62 2.83
-4.40 3.62
-4.36 3.68
-3.92 4.44
-4.05 4.35
-3.80 4.47
-4.40 3.54
-4.28 4.13
-4.41 3.74
-4.40 3.61
-4.30 4.04
-4.36 3.92
-4.34 3.50
-4.39 3.61
-3.89 4.27
-3.18 3.35
-4.32 3.47
-3.90 4.23
-3.17 3.85
-4.03 3.27
-3.53 4.12
-3.50 3.25
-3.80 4.08
-3.48 3.90
-3.69 3.36
-3.55 3.65
-4.36 3.25
-4.75 2.56
-3.82 3.86
-5.10 3.70
-3.39 3.23
-5.06 2.21
-4.42 1.95
-3.49 2.57
-5.07 2.13
-5.09 3.37
-5.14 3.14
-3.58 3.01
-3.54 2.37
-3.65 2.15
-3.83 1.98
-4.02 1.84
-3.94 1.84
-3.90 1.92
-3.88 1.92
-3.49 2.69
-3.88 1.93
-3.52 2.63
-3.55 2.63
-4.32 1.77
-4.25 1.75
-4.68 1.78
-4.68 1.75
-4.53 1.72
-4.08 3.16
-4.43 1.74
-5.06 2.78
-3.82 2.70
-4.43 1.77
-4.93 2.06
-3.98 2.72
-4.15 1.90
-4.46 1.82
-4.64 1.86
-4.07 2.72
-3.79 2.39
-4.03 2.60
-4.10 1.91
-3.64 1.53
-5.15 2.59
-2.85 1.95
-3.52 0.95
-4.93 1.69
-4.96 1.98
-4.19 2.92
-3.73 2.92
-2.99 2.49
-2.85 2.17
-3.29 1.12
-4.07 1.00
-4.69 2.22
-3.98 2.83
-4.18 2.76
-4.49 1.42
-4.40 1.37
-4.52 2.15
-4.08 2.64
-3.25 2.62
-2.92 2.24
-2.99 1.46
-3.48 1.15
-4.24 1.53
-3.77 2.60
-2.87 2.24
-3.88 1.09
-3.86 2.66
-3.34 2.79
-2.84 2.60
-2.73 2.50
-2.51 2.12
-3.29 1.04
-4.07 1.40
-3.01 2.73
-2.79 1.21
-4.13 1.47
-4.22 2.08
-4.00 2.50
-3.62 2.76
-3.02 2.78
-2.70 2.58
-2.42 1.99
-2.50 1.57
-2.78 1.27
-3.39 1.14
-3.83 1.36
-4.03 2.17
-3.58 2.72
-2.96 2.76
-2.46 2.32
-2.39 2.06
-2.48 1.68
-2.52 1.63
-2.85 1.34
-3.86 1.76
-3.87 2.15
-3.77 2.40
-3.54 2.62
-3.13 2.74
-2.89 2.71
-2.46 2.12
-2.56 1.79
-3.07 1.55
-3.24 1.62
-3.54 1.95
-3.28 2.57
-2.55 2.17
-3.19 2.52
-3.26 2.08
-2.74 2.16
-3.18 2.22
-2.66 2.68
-2.26 1.85
-2.56 1.83
-3.28 2.04
-1.97 2.61
-2.29 2.02
-2.41 1.97
-3.47 3.03
-2.20 3.35
-2.35 2.01
-2.83 1.94
-3.42 2.30
-3.57 2.64
-3.53 3.06
-3.19 3.50
-2.65 3.61
-1.97 2.94
-2.10 2.34
-2.26 2.21
-2.37 2.14
-2.62 2.05
-3.03 2.10
-3.45 3.23
-2.14 3.37
-3.27 2.32
-2.19 3.43
-2.24 2.28
-2.08 3.24
-3.47 3.22
-2.34 3.51
-2.52 2.29
-3.42 2.64
-3.37 3.23
-2.40 3.54
-2.37 3.49
-2.23 3.34
-3.04 2.42
-3.32 2.77
-2.26 3.27
-2.32 2.66
-2.71 2.49
-3.28 2.90
-2.35 2.84
-3.07 2.65
-3.27 3.56
-2.46 2.61
-2.91 2.65
-3.26 3.24
-2.31 2.81
-2.97 2.52
-3.50 2.95
-3.07 3.74
-2.18 3.00
-2.18 2.94
-2.57 2.54
-2.84 2.39
-2.96 2.41
-2.84 2.38
-2.90 2.38
-2.96 2.40
-3.02 2.44
-3.09 2.43
-3.20 2.49
-3.53 2.84
-2.97 3.85
-2.07 3.13
-2.71 2.38
-2.70 2.35
-2.47 2.49
-2.58 2.41
-2.52 2.45
-2.41 2.39
-2.53 2.47
-2.58 2.43
