4.44 2.48
4.16 3.13
3.94 3.55
4.03 3.40
3.13 1.79
4.11 2.77
2.33 2.52
2.48 2.49
4.00 2.30
3.98 2.28
3.14 1.72
3.16 1.73
2.89 1.85
3.80 2.14
3.10 2.60
3.53 0.70
4.71 1.10
4.97 2.66
5.03 1.56
5.09 1.65
2.61 2.27
4.83 1.32
3.26 3.09
5.03 1.47
4.42 1.07
3.42 2.82
3.42 2.49
5.19 2.36
3.89 1.60
5.03 2.69
4.31 1.68
3.54 2.80
4.20 3.58
3.57 2.44
3.89 3.36
5.82 1.97
4.88 1.57
4.98 3.86
4.84 3.93
5.42 2.06
4.45 2.19
5.20 2.47
4.38 2.88
5.31 1.85
4.73 4.69
4.36 4.57
4.30 4.47
5.69 3.02
5.82 3.69
3.90 3.70
5.72 3.46
4.00 3.75
4.47 4.34
4.11 3.54
4.87 3.61
4.91 4.70
4.66 2.96
2.80 3.59
3.37 4.86
2.52 3.04
3.87 3.82
3.86 4.31
3.13 4.86
3.30 4.84
3.40 4.79
3.38 4.80
