5.474203586988035 2.2918819842630023
5.476398876684669 2.2886651838231002
5.475552235093461 2.2899057841170922
5.46980101667843 2.298333155664369
5.474203586988035 2.2918819842630023
5.541073164908722 2.3244064394486057
5.473335364032304 2.293154208147719
5.469678720593041 2.298512358482966
5.476398876684669 2.2886651838231002
5.323520600825854 2.275407382417778
4.241316048198981 2.922173923061853
4.960854146970137 3.6887303601656938
5.602363931868869 2.7406364407137653
4.963661441782311 3.8782522176563674
6.199895694955934 2.6816393306202517
4.082965602019155 2.6251174141640417
5.501740793279699 2.1219658087087003
4.137489115987476 3.3873450652190495
5.960784236497638 2.79440532019971
4.991155176148592 2.013715916603189
4.301563318391062 2.2961818471034903
4.2346630754329535 3.54366658911813
5.5133771587763505 3.7996909194360136
5.9601031835680525 2.9473364235349635
5.138314080521451 2.055326498583283
4.224288600008171 2.4686784562345485
4.298730038173167 2.4233158070853285
4.470374074668405 3.67111490794814
5.736048456100899 3.438441153389589
5.638336576759711 2.392124477468808
5.4533158309540894 2.2674965794242157
4.216481763365702 2.880164988492231
5.63693602821309 3.4409645079553153
4.492097667048468 2.441372031855937
4.324229162382064 2.780401054972935
4.942759323338785 3.627843946877114
4.445118664869231 2.7709732369004327
4.558287062342781 3.236494486048368
4.722529314891666 3.317682785389335
4.882705672790713 3.3233899067853887
5.329045577488978 3.029335085610058
5.2298158131025545 2.8163189034972858
4.86662702677917 3.0784780995548053
4.977980071550811 2.8774784459039435
4.964370089051815 3.20895073811483
4.166106309718529 3.8876336494120416
6.040563754841558 3.631909422156324
6.063185070527499 3.5231637026045632
5.982539935745343 3.5950450416992377
5.840885326220327 2.4155749231105488
4.258157182266491 2.172312276293868
4.461661370318541 3.134847471187672
4.571252816590732 2.332264079379544
5.577290678541033 3.837420207958889
5.945947867250778 3.3441013067970133
5.36392281233845 2.0568428282129205
5.004169488956732 3.3952201853723096
5.772124238949299 3.540922100755753
5.121888892687888 3.415270843214371
5.261917346193192 2.099337579683549
4.6472942794889915 2.1634369901270865
4.595916906687573 2.230986592203501
5.3926830218177075 3.6585766517847853
5.126628103935877 3.6975217485308276
5.504385059325151 2.5633940633547434
5.526721545667507 2.8308605541315894
4.676767110628271 2.6656836965260915
5.40636596058569 1.9474069270998393
4.56300054582835 3.593046019785262
5.643912259612069 2.8679447059948826
4.5079914264568135 2.5557123774490464
5.71459545600109 3.806135398498932
4.634874743823644 2.4260729184618475
4.599151449175717 3.22204239699889
4.813527960559661 3.3818669284955574
5.471976923823295 3.3046681028644134
4.806156831404059 2.4719967145101918
4.613136137545754 3.5474823536743907
4.3194380213041725 3.1763276400801046
5.546053237321715 2.1512441904669592
5.044958998944968 1.9602599799042886
5.986035093674097 2.999289062638465
5.370553109329419 1.1376779826036185
5.363322086811468 2.010565257263592
3.2223540662892667 1.9886897261658343
4.0297098386569665 4.266605424939675
4.09364395364682 3.9406787514903137
2.274577926209787 2.8666059523684715
2.330784810910252 3.197011072108178
4.047157205220167 3.4278605076813187
3.914171630129698 4.177981947714472
3.8447662058343943 2.573226869503687
1.9835327975645565 1.29023117064903
2.9744260706844554 4.586016931044129
4.039946645869611 4.672673841903814
4.868257031479539 3.0460135031633557
5.236856229877501 2.8090158483408945
4.329978401508805 4.178911500686894
4.430942553205904 3.9399068448420236
4.179846111349568 4.217202813982974
4.223231478699613 4.0967656509634205
4.439412783265832 3.1027823496706577
4.058105338867497 2.4396868335143034
3.3125174972920846 2.0197230588314943
2.039483148652865 2.821940123881885
4.309734213547543 3.202519233913545
2.250461849589276 4.005579606250296
2.3721769857135713 2.148772771146019
4.384666863969129 2.813577383256364
1.4490849967863697 3.1789050085915806
4.682908819010056 4.45887445998226
3.214065470479135 1.8380668703894123
3.8206102528378394 2.2258396110818754
3.208162577404665 1.9765105607279163
4.334827271834915 3.41261125729295
2.853715900411849 2.3828807495795066
2.723525681407368 3.9854938469194616
2.773998743028817 3.811650214227225
3.8760519934041726 3.2070041390921133
3.143769044702125 2.109907811931685
1.2824013471597193 3.5367156117903398
3.755821568394633 1.5617468430466852
1.3041070380861128 3.9805260391150847
5.184439513743484 4.164849897138606
3.2132690733990725 2.2877162795635204
4.9370744025464255 1.0707170394499421
4.4740801512709965 3.407445052640968
5.836523121279577 2.0273980734063954
3.9936866077783644 3.058858102655292
3.858148854854308 2.9458224297774893
4.879103822486152 1.061009599603699
4.951267897575156 3.3714399199716594
4.170572032307093 1.1849432512752942
3.7101784667032214 2.853303856637657
4.663495812832069 3.3596870120398865
5.84543769440254 2.350519396715347
5.815679546178235 2.3469303207094985
5.677652676422537 2.7068371751598295
4.119801759343792 1.3269733273588877
4.236238774494396 1.3469976157740944
4.0357223164857485 2.8540896846245087
5.5249798321485954 2.6120918592400106
4.790045743314021 1.3632716858334044
5.405583329548328 2.1508706042466645
4.116849296214686 1.8076497219622245
4.0298370385255105 2.278813910804503
4.047391602064927 2.161607931679691
4.154644700113189 1.8336732849035284
4.183487237353517 1.8535324610424109
4.438386871468428 1.6494901332546046
5.262175182581264 1.9519910744214284
5.287075484283955 2.3685971857235115
5.322840601090893 2.3781650750531838
5.324915686731928 2.3218411543322452
5.327868806409545 2.322359939086467
5.332013052596276 2.3230879731569147
5.32985083488008 2.3227081288874896
5.330631938738304 2.322845348105587
5.319060650977697 2.320812579937601
5.322840601090893 2.3781650750531838
5.327868806409545 2.322359939086467
5.330631938738304 2.322845348105587
5.329587972824471 2.322661951000441
5.309475610907199 2.3745896709056167
5.331823665101274 2.3230547028002166
5.33056441794281 2.3802313516779945
5.325923630514824 2.32201822330498
5.314028007630399 2.3758075287492653
