2.08 3.25
2.40 3.25
2.40 3.25
2.28 3.07
2.57 2.08
2.31 2.75
3.01 3.42
3.77 2.87
3.81 2.36
2.86 1.26
3.67 3.38
3.34 1.01
3.16 3.29
3.89 3.28
4.51 2.75
3.85 0.99
2.51 1.79
2.49 1.60
4.78 1.13
4.77 1.45
4.15 0.95
4.08 0.95
3.55 1.01
3.27 1.20
3.06 1.47
3.81 3.07
3.97 1.12
3.52 2.75
3.79 1.37
3.47 2.39
3.63 2.42
4.36 1.58
4.79 2.40
5.77 1.72
2.66 2.35
4.67 3.13
3.60 1.55
4.87 1.17
3.47 2.11
3.86 3.05
5.60 2.58
3.84 2.76
5.58 2.59
3.85 2.37
5.46 1.93
4.37 3.21
4.38 3.01
4.97 3.40
4.21 3.65
4.76 3.94
4.36 3.71
4.96 1.81
3.87 3.00
4.58 4.03
5.65 2.24
5.97 3.14
5.65 2.90
4.85 3.90
4.95 2.26
5.48 3.40
4.81 3.85
6.16 3.52
4.08 5.08
3.33 3.06
3.47 2.66
4.41 5.02
4.79 2.59
5.36 4.06
3.91 2.40
4.98 4.17
4.81 4.20
4.35 2.92
3.54 2.86
2.36 3.14
5.24 4.60
2.10 4.42
3.65 4.84
2.26 4.01
3.36 1.87
4.73 2.88
3.41 4.34
2.55 3.89
3.91 2.00
2.37 3.38
2.30 3.08
3.22 3.69
3.54 3.64
3.54 3.64
3.53 3.65
