2.90 4.05
3.18 3.96
2.45 2.10
2.32 2.58
3.25 3.34
2.72 2.06
3.67 2.58
3.72 2.48
3.34 2.75
3.60 2.63
3.65 2.43
3.62 2.47
3.64 2.45
3.67 2.30
4.96 2.76
3.42 1.40
3.78 2.90
3.77 2.94
3.44 2.50
5.18 1.94
5.17 2.37
5.11 2.54
4.53 2.77
4.68 2.55
4.63 2.55
5.08 2.35
4.66 2.36
4.65 2.35
6.05 2.98
4.65 3.80
4.73 3.81
5.69 3.48
5.46 3.10
5.49 3.13
5.49 3.09
5.52 3.38
6.07 2.61
4.73 3.57
5.35 3.53
5.23 3.31
4.34 4.98
3.85 5.14
3.38 5.04
2.89 4.14
3.24 3.94
3.48 3.89
3.44 3.88
3.44 3.88
3.48 3.88
3.44 3.89
3.74 4.54
2.54 4.20
2.69 3.50
3.50 3.23
2.94 3.29
3.83 4.06
3.90 3.54
2.90 3.93
3.57 3.41
3.84 2.86
3.79 2.70
3.79 2.71
3.79 2.70
