3.29 4.40
2.39 4.16
2.13 2.60
2.27 2.34
3.29 4.06
3.93 3.63
2.99 4.06
3.05 4.06
2.39 3.78
2.08 3.11
2.30 2.28
3.83 3.15
3.73 3.13
2.53 3.23
2.45 3.15
2.39 2.88
3.16 2.00
2.68 3.09
3.40 1.97
3.18 3.12
2.92 1.34
4.36 1.78
3.31 1.23
3.52 2.98
2.74 2.04
2.75 1.92
3.36 1.32
3.11 1.52
4.44 2.20
3.21 2.20
3.27 1.77
3.91 2.55
3.55 2.26
3.90 2.06
4.08 1.06
3.48 2.25
3.70 2.62
4.13 3.07
4.26 3.02
5.20 1.97
5.19 3.04
5.30 2.28
5.98 2.56
4.23 3.23
4.99 2.10
4.33 2.79
4.66 3.29
4.50 2.89
5.18 3.17
5.16 2.76
4.92 2.64
4.92 2.64
4.95 2.78
3.29 3.63
3.26 3.42
4.98 3.91
4.43 4.79
3.08 4.08
3.55 3.41
3.27 4.10
3.38 3.75
3.54 3.67
3.72 3.98
3.55 3.89
