3.32 3.43
3.02 3.37
2.76 3.66
3.43 3.75
3.38 3.57
3.13 3.39
4.40 2.75
3.06 4.27
2.02 2.76
2.09 2.77
3.17 3.43
3.47 1.76
3.69 3.25
3.49 1.76
2.50 2.45
2.77 1.87
3.19 1.80
3.08 1.91
3.23 2.79
4.36 1.00
5.29 2.11
4.86 1.31
4.79 2.84
4.52 1.42
4.23 1.73
4.23 2.15
4.57 1.81
4.40 2.35
4.77 3.42
6.10 2.43
4.32 3.29
5.91 3.13
5.78 2.51
5.57 3.50
5.63 3.54
4.58 2.98
5.38 3.46
5.96 4.00
4.36 2.73
5.70 3.69
3.85 3.82
4.00 4.01
3.88 4.12
4.25 4.40
4.16 4.27
3.99 4.40
4.51 3.14
3.96 3.33
2.69 3.82
3.17 3.22
2.81 3.44
2.82 3.37
2.83 3.38
2.82 3.37
