-4.16 2.98
-4.16 2.98
-4.20 3.06
-4.25 3.13
-4.22 3.05
-4.26 3.13
-4.09 2.93
-4.03 4.33
-3.69 4.56
-3.95 4.46
-4.36 3.94
-4.28 4.07
-3.89 4.50
-3.45 4.52
-2.71 3.71
-2.90 4.11
-3.14 4.27
-3.82 4.38
-3.13 4.16
-3.07 3.99
-3.11 3.23
-3.04 3.33
-3.06 3.34
-4.14 4.06
-3.52 3.03
-4.28 3.86
-3.51 3.21
-3.49 3.93
-4.24 3.53
-3.62 3.27
-5.02 3.37
-3.57 2.06
-5.38 2.86
-4.97 3.66
-5.02 3.58
-4.95 3.64
-4.87 3.69
-3.56 3.39
-3.78 3.60
-3.61 3.20
-3.53 2.25
-3.53 2.82
-3.50 2.50
-3.96 1.80
-5.06 2.51
-3.69 2.47
-4.60 1.79
-4.89 2.12
-4.30 2.79
-4.50 2.36
-3.29 1.07
-4.32 2.30
-3.07 1.31
-3.79 2.50
-2.60 2.31
-2.55 2.34
-2.52 2.27
-2.71 1.36
-2.75 2.60
-3.85 2.31
-3.74 1.61
-2.41 2.10
-3.18 1.46
-2.74 1.67
-3.41 2.11
-3.51 1.52
-1.89 2.47
-3.82 2.75
-2.79 1.53
-2.11 3.18
-2.96 1.65
-3.56 3.31
-2.02 2.79
-2.87 3.64
-2.12 2.99
-2.33 3.25
-3.09 3.56
-3.41 2.97
-2.99 4.24
-2.47 3.84
-3.54 4.29
-3.85 2.66
-2.62 4.33
